1599575265
87480307
1095933867
1189181066
1866248667
1181865790
1946000817
452075137
2123242182
387602318
880645099
1858346310
1404709679
679296476
1066042907
758446223
671387954
1092197368
1346806311
83162216
1679771590
1341972845
9750201
48850558
141575220
957772864
1925231767
1835285840
116151090
370967455
1977979189
1572934028
1456228496
1849995456
2135031503
770417245
1189302159
1242498470
108468474
1337178170
695260304
895291982
1875703710
1887502933
1128269286
1868040052
924589632
853174717
2104235565
367534050
133809486
1777941426
364060932
1892124491
645449602
257602420
77730106
1047083309
1047605846
908475803
1404117670
110714977
335924047
1752274727
557106776
1455194718
402117814
1702197870
691748620
295625662
1716627711
1576373131
983728894
9628141
1535385559
784479608
1613752782
269730915
1068064919
421018815
33183232
1072057050
1878533922
1896100687
237157969
200037763
1208873096
1711587652
1204545854
187742